50 1500
1400 1288
33 31 35 29 34 30 33 27 17 41 34 21 28 29 37 38 30 35 44 35 28 30 27 29 36 37 36 24 27 33 35 31 25 30 39 37 29 25 23 30 31 40 34 35 27 29 39 38 34 27
670 924 600 261 75 1112 207 1300 572 919 726 340 833 685 71 807 708 1019 799 1011 1043 1044 1357 591 1068 854 1439 1040 1172 251 81 199 1265
152 1170 1391 336 266 1456 1256 164 863 1252 1163 1490 54 733 494 492 646 1478 383 640 971 72 143 388 374 60 1154 1442 193 302 456
885 672 815 628 1248 946 316 150 284 822 1218 140 373 1208 94 34 1274 992 1169 1142 676 1167 191 878 703 1045 1127 674 1427 1440 257 168 457 678 386
604 692 1157 270 701 332 1021 688 278 1345 481 550 444 1331 859 162 351 1074 598 479 1499 1124 1370 369 213 269 15 750 1180
829 86 1351 1181 1179 1254 484 632 187 359 589 1410 789 253 310 480 109 1190 1444 1198 776 1279 1389 1079 1406 583 1431 514 928 394 893 1414 234 1291
1146 1304 258 946 343 697 117 933 1237 1373 460 505 993 139 738 643 1272 145 862 24 1132 1103 841 1384 1387 891 1170 1053 644 1310
832 135 200 614 650 668 1491 732 1401 533 1129 1430 163 1496 1282 1005 376 1390 219 263 82 1225 388 1342 11 518 899 927 524 805 1251 1473 802
736 1387 722 1096 775 855 32 114 712 1102 3 491 345 429 907 201 652 918 101 922 642 1262 102 766 1128 304 1306
43 945 353 993 608 254 815 268 1392 1194 983 365 1015 904 1148 1061 522
319 543 787 1090 923 1214 209 1104 1046 1328 1243 1120 1136 1438 895 987 771 1149 694 1094 1316 230 853 217 1000 9 768 399 869 1125 423 175 476 834 976 667 889 790 842 1159 293
1244 45 1480 534 348 647 1378 1422 743 426 1495 17 719 500 1187 746 223 1220 323 240 962 827 185 465 673 202 330 3 745 206 1073 314 475 559
85 421 176 307 777 1182 1215 510 592 1293 461 59 993 274 778 385 870 321 352 873 1374
65 1350 982 493 529 831 182 1161 882 725 3 653 309 888 858 1137 1014 1397 279 532 887 78 627 593 846 1467 605 1483
436 763 231 1207 839 1316 250 1003 551 634 1381 1076 925 203 1263 776 1031 1409 1378 470 233 452 205 90 113 447 400 929 1245
247 46 683 883 1191 975 988 1030 112 759 875 212 414 864 764 38 1403 402 222 401 284 731 610 506 1166 1462 804 335 21 806 473 729 1091 89 55 42 541
30 1055 1101 1450 103 686 8 317 1415 96 178 530 692 1165 980 166 779 77 868 637 830 767 835 204 1008 433 1188 256 384 39 1097 350 843 996 157 1035 189 943
1418 823 861 1378 828 463 126 874 803 797 958 1093 1324 67 424 1394 699 1500 995 1445 28 1178 563 940 88 1230 926 1338 186 327
607 664 477 1147 639 1232 1425 1366 165 146 801 25 1332 487 453 1154 91 1034 625 1193 1396 545 1316 597 677 793 1355 1358 305 188 1135 753 555 1457 813
7 1472 875 31 1012 398 1183 769 322 966 773 437 916 877 272 1260 1203 1105 1250 1023 255 121 1441 590 897 1407 1153 73 631 636 1226 520 1238 1266 148 884 1464 947 566 969 142 772 119 107
544 1434 1121 1199 442 210 1465 441 621 1436 723 721 762 1117 956 752 564 496 792 751 949 1056 538 528 214 618 1284 1333 225 105 1086 948 869 1216 791
872 448 860 1095 700 252 1116 680 114 52 974 1158 301 1393 111 329 263 378 1405 228 137 68 418 167 611 828 331 122
825 687 847 1359 53 710 341 747 1193 84 262 104 364 1353 937 409 1067 244 1032 315 1173 1175 814 161 390 1241 1264 1144 371 599
412 1354 1110 1033 649 757 951 1210 480 1323 1192 1278 986 417 468 1269 1420 194 44 363 16 567 490 1259 1152 1492 1368
116 471 1039 989 1343 1050 1197 239 1485 1288 1075 294 1386 1270 521 431 1207 159 459 837 601 984 280 349 799 1395 1363 14 1013
153 749 83 981 1443 404 1349 1281 921 401 1080 1461 1482 1174 49 265 950 1052 360 419 796 1155 894 1335 466 612 615 905 1042 512 517 1167 1020 642 552 1221
397 408 169 782 571 1016 540 548 237 546 1361 556 869 1051 812 218 1249 1098 626 1010 990 1382 1224 1376 999 497 972 337 578 98 819 1173 934 1365 97 485 1126
609 1489 367 728 503 403 129 1402 277 1468 35 529 1229 124 584 120 568 689 1423 1162 1285 114 817 1133 1311 1099 486 765 715 181 1296 714 450 1399 47 717
582 1084 1177 881 1419 977 1007 654 586 525 954 523 1082 1416 698 879 870 815 458 1122 1127 391 1341 346
355 1239 1362 1380 902 226 1413 718 366 596 798 1465 1141 125 1 1143 575 1070 508 215 845 658 1164 913 1314 291 443
227 20 849 871 953 968 495 1484 908 656 56 29 177 1222 1404 688 292 720 267 851 123 310 979 1380 1325 66 1083 409 810 1081 930 1227 271
706 132 1199 1150 338 1340 501 513 26 642 389 577 679 454 235 707 93 944 1047 515 160 1271 197 623 449 900 912 358 1154 1313 560 1140 836 965 183
952 824 901 635 1469 1494 1029 1027 896 960 663 961 382 299 1387 770 581 558 64 342 174 1429 739 1246 666 288 1283 1292 23 1459 276
428 1290 760 106 37 387 865 675 963 549 368 1018 1329 264 1312 526 1493 1412 4 1066 173 286 761 1024 633
211 451 998 1303 906 395 915 1037 1383 903 1118 1134 1344 13 910 1186 784 1247 446 795 696 820 931 362 411 1025 128 287 12 748
648 36 660 1234 638 196 155 681 876 1442 282 641 516 1446 33 324 445 1004 841 64 1453 1417 467 1002 1077 713 498 1375 535 2 5 735 1109 6 354 1065 1497 588 537
108 838 1253 1337 630 297 325 624 964 595 318 1369 184 811 1219 41 967 821 1379 1017 536 306 22 702 63 486 939 1470 1087 427 619 774 455 74 1223 1088 190
344 131 554 737 1217 1454 1307 501 1318 1201 602 1432 662 848 1107 1113 170 249 1336 606 195 339 1240 1261 1218 1058 1111 857 1498
1329 1488 1022 245 870 529 1476 973 507 416 1123 283 655 392 172 499 991 24 130 1131 1424 942 413 574 1196
482 1371 946 1322 955 562 1228 19 1207 1327 932 938 232 840 229 911 852 370 1463 671 1195 99 1227
328 693 70 519 504 439 1049 27 381 18 816 1139 622 1268 396 1302 296 978 573 1448 149 741 1380 579 334 539 1400 1309 800 547
464 300 1206 1209 1433 1320 909 379 669 430 756 380 1255 1006 1421 724 867 1319 347 613 220 1298 496 1455 1451 1009 158 462 1258 1273 1367
557 1280 917 425 1339 1479 1287 179 1218 1036 295 289 1435 388 511 1227 1127 502 259 1364 1130 1059 1184 1308 51 957 100 1189 273 809 1330 1212 1069 892 134 985 783 1466 242 826
241 659 727 1329 171 682 440 1295 243 970 415 61 1168 1233 216 1211 1062 361 603 333 959 40 141 1176 1315 818 1173 629 87 312 1377 1475 1388 1321
755 236 50 709 1213 914 118 480 1064 285 780 138 1486 1038 420 576 432 1294 1085 144 866 1481 695 238 1078 303 1356 1465 298 616 1437 62 133 920 1138
48 80 758 965 488 785 941 1054 407 1275 326 198 886 1458 57 248 1449 151 1114 127 1105 1447 1487 661 1063 483 308
1346 489 711 1119 192 1452 1400 935 393 1360 10 1185 657 1474 542 570 965 1297 208 1151 997 375 1041 740 1200 147 58 1160 691
1326 580 438 1089 1236 221 1057 898 1372 405 1398 1156 471 1408 781 79 410 1001 472 742 435 788 716 69 1426 808 936 290 1305 509 275 645 1071 356 1301 590 95 880 76
1202 1028 1087 794 260 377 357 665 684 620 744 1145 1277 527 1276 92 1242 1257 313 1460 1286 705 734 565 1317 1334 569 136 320 856 1115 585 1205 1289 994 1048 156 561
1199 730 372 1072 224 154 1060 594 1348 531 284 484 1267 246 890 754 1205 434 1235 406 469 1171 1026 1035 844 1092 1471 115 704 1231 1100 281 1204 850
474 110 617 587 1352 310 311 506 1477 1385 1299 651 422 1193 180 786 1428 1411 496 690 1106 1108 2 1347 1167 553 478